      Beta             Mach             AoA             Re/1e6             CL              CDo              CDi             CDtot             CDt            CDtot_t             CS              L/D               E               CFx              CFy              CFz              CMx              CMy              CMz              CMl              CMm              CMn              FOpt 
-10.000000000000   0.000000000000 -15.000000000000  10.000000000000  -2.705918450363   0.038913119262   0.159745649397   0.198658768659   0.153957191439   0.192870310701   0.087543396013 -13.620936385704   3.034136756578  -0.526052592989   0.120710148274  -2.660417550326   0.095399091962   2.870705281287   0.051405936042  -0.095399091962   2.870705281287  -0.051405936042   0.000000000000
-10.000000000000   0.000000000000 -11.666667000000  10.000000000000  -1.916286413702   0.033187161497   0.083856107802   0.117043269300   0.081697835582   0.114884997079   0.106273407484 -16.372461442393   2.582782766770  -0.292695915737   0.124983226052  -1.896273998525   0.067638137649   2.177837354787   0.058447041380  -0.067638137649   2.177837354787  -0.058447041380   0.000000000000
-10.000000000000   0.000000000000  -8.333333000000  10.000000000000  -1.123961324135   0.029482396428   0.034259376181   0.063741772609   0.031869555767   0.061351952195   0.122064439064 -17.633041538120   1.631518794291  -0.121759659843   0.131278648612  -1.118119984914   0.035044903920   1.484819622595   0.066317736598  -0.035044903920   1.484819622595  -0.066317736598   0.000000000000
-10.000000000000   0.000000000000  -5.000000000000  10.000000000000  -0.333440119159   0.027825927587   0.011545315708   0.039371243295   0.008337146358   0.036163073945   0.130801169559  -8.469128512406   0.232471682407  -0.013062612422   0.135650750536  -0.333570975741  -0.000511613206   0.799660679632   0.071884934586   0.000511613206   0.799660679632  -0.071884934586   0.000000000000
-10.000000000000   0.000000000000  -1.666667000000  10.000000000000   0.434558457752   0.028172814210   0.014127753422   0.042300567632   0.011534548336   0.039707362546   0.131344663579  10.273111735433   0.367505380541   0.031481203968   0.136694659493   0.433826365887  -0.042537223105   0.160569137377   0.073900751680   0.042537223105   0.160569137377  -0.073900751680   0.000000000000
-10.000000000000   0.000000000000   1.666667000000  10.000000000000   1.200035277086   0.030472263247   0.042495917369   0.072968180616   0.042395991586   0.072868254833   0.128371273677  16.446007930541   1.624680588356   0.014644526932   0.139091817173   1.200969279276  -0.086654826222  -0.472775149606   0.075702284363   0.086654826222  -0.472775149606  -0.075702284363   0.000000000000
-10.000000000000   0.000000000000   5.000000000000  10.000000000000   2.006643867429   0.034655329370   0.098553912041   0.133209241411   0.102430075173   0.137085404542   0.109139367392  15.063848770374   2.488397362538  -0.063083978131   0.130612837186   2.008789788074  -0.119435156224  -1.237746382326   0.066875890412   0.119435156224  -1.237746382326  -0.066875890412   0.000000000000
-10.000000000000   0.000000000000   8.333333000000  10.000000000000   2.793087694372   0.040652768522   0.189079513752   0.229732282275   0.189183128315   0.229835896838   0.092433053946  12.158011345710   2.795507095448  -0.196835350897   0.130921380329   2.794060682277  -0.149642524486  -1.943734644472   0.061351159631   0.149642524486  -1.943734644472  -0.061351159631   0.000000000000
-10.000000000000   0.000000000000  11.666667000000  10.000000000000   3.569232331278   0.048237592782   0.302188918132   0.350426510915   0.298269088367   0.346506681150   0.062858270089  10.185394712175   2.992720546115  -0.394478103484   0.122754236752   3.563072797395  -0.175502632716  -2.637718557826   0.051396841646   0.175502632716  -2.637718557826  -0.051396841646   0.000000000000
-10.000000000000   0.000000000000  15.000000000000  10.000000000000   4.336963077290   0.057318557831   0.439019440638   0.496337998469   0.430294779204   0.487613337035   0.025183872270   8.737922727393   3.119661028953  -0.654570627149   0.110989461604   4.314562898303  -0.200886585313  -3.324640779814   0.039802708392   0.200886585313  -3.324640779814  -0.039802708392   0.000000000000
 -7.777778000000   0.000000000000 -15.000000000000  10.000000000000  -2.736832227291   0.039092600606   0.158530203416   0.197622804022   0.152101478057   0.191194078663   0.068438290176 -13.848767306151   3.120130626479  -0.528157688411   0.094553237164  -2.691857788607   0.075427107362   2.903175893470   0.040171469389  -0.075427107362   2.903175893470  -0.040171469389   0.000000000000
 -7.777778000000   0.000000000000 -11.666667000000  10.000000000000  -1.938805322414   0.033246004454   0.081495895377   0.114741899831   0.078681987699   0.111927992153   0.083324347420 -16.897099710535   2.696869013206  -0.291766314110   0.098085967871  -1.919459895265   0.053519691469   2.203844348526   0.045845179980  -0.053519691469   2.203844348526  -0.045845179980   0.000000000000
 -7.777778000000   0.000000000000  -8.333333000000  10.000000000000  -1.137469919846   0.029451006611   0.031097251125   0.060548257736   0.029202328368   0.058653334979   0.095602779387 -18.786170938406   1.759104637530  -0.118299238987   0.102917346979  -1.132279608242   0.027876309484   1.504192468195   0.051979094702  -0.027876309484   1.504192468195  -0.051979094702   0.000000000000
 -7.777778000000   0.000000000000  -5.000000000000  10.000000000000  -0.337670005490   0.027748600722   0.008066398561   0.035814999283   0.006128991043   0.033877591765   0.102430480131  -9.428172895459   0.262079774338  -0.007888698632   0.106335051518  -0.338269678354  -0.000227423744   0.811194041256   0.056350865506   0.000227423744   0.811194041256  -0.056350865506   0.000000000000
 -7.777778000000   0.000000000000  -1.666667000000  10.000000000000   0.451836564001   0.028124261214   0.010749705206   0.038873966421   0.009253403675   0.037377664889   0.099972586513  11.623114531411   0.432331990920   0.038117892424   0.104313743542   0.450918676785  -0.037433913394   0.129136569836   0.055553130706   0.037433913394   0.129136569836  -0.055553130706   0.000000000000
 -7.777778000000   0.000000000000   1.666667000000  10.000000000000   1.254585921347   0.030571262758   0.043050010647   0.073621273405   0.038368932645   0.068940195403   0.090992381956  17.041078798683   1.759993149865   0.024114934251   0.100118551600   1.255818571724  -0.069321663410  -0.586741917335   0.050905763901   0.069321663410  -0.586741917335  -0.050905763901   0.000000000000
 -7.777778000000   0.000000000000   5.000000000000  10.000000000000   2.033072752291   0.034735433786   0.096679654133   0.131415087919   0.101792186577   0.136527620364   0.086121368126  15.470618971407   2.589250644246  -0.059093883879   0.103113661393   2.035668714995  -0.093008640023  -1.254947362980   0.052257224514   0.093008640023  -1.254947362980  -0.052257224514   0.000000000000
 -7.777778000000   0.000000000000   8.333333000000  10.000000000000   2.820833798357   0.040777352436   0.187947695250   0.228725047685   0.186377349817   0.227154702253   0.072575318116  12.332859155136   2.863879584024  -0.194318557650   0.102861313293   2.822471521658  -0.115033436105  -1.954758955657   0.048304423338   0.115033436105  -1.954758955657  -0.048304423338   0.000000000000
 -7.777778000000   0.000000000000  11.666667000000  10.000000000000   3.611880360566   0.048584865042   0.303730166614   0.352315031656   0.296151027483   0.344735892525   0.048014594149  10.251848590134   3.048239054095  -0.394887108486   0.095252131734   3.606536042351  -0.139151511422  -2.666135898208   0.039815958181   0.139151511422  -2.666135898208  -0.039815958181   0.000000000000
 -7.777778000000   0.000000000000  15.000000000000  10.000000000000   4.385403950000   0.057806069060   0.443087536996   0.500893606056   0.427846366349   0.485652435409   0.018563750661   8.755160570989   3.160728570340  -0.658077650867   0.086179556302   4.363772875805  -0.159937131735  -3.357762837683   0.030570309688   0.159937131735  -3.357762837683  -0.030570309688   0.000000000000
 -5.555556000000   0.000000000000 -15.000000000000  10.000000000000  -2.758958835221   0.039218802104   0.157453264515   0.196672066618   0.150521111551   0.189739913655   0.049122737805 -14.028219068724   3.186113502935  -0.529586365463   0.067931993768  -2.714382125888   0.054124081682   2.927515411825   0.028880896583  -0.054124081682   2.927515411825  -0.028880896583   0.000000000000
 -5.555556000000   0.000000000000 -11.666667000000  10.000000000000  -1.956020082192   0.033289921519   0.079710457908   0.113000379427   0.076358692807   0.109648614326   0.059474508555 -17.309854109427   2.787277442444  -0.291034429385   0.070134810593  -1.937188925767   0.038251880899   2.224729821691   0.032760310529  -0.038251880899   2.224729821691  -0.032760310529   0.000000000000
 -5.555556000000   0.000000000000  -8.333333000000  10.000000000000  -1.147676922524   0.029426201531   0.028670084790   0.058096286321   0.027262197786   0.056688399317   0.068506846288 -19.754738128732   1.866398638963  -0.115684250492   0.073809408102  -1.142978569541   0.019804104903   1.518372724933   0.037275078365  -0.019804104903   1.518372724933  -0.037275078365   0.000000000000
 -5.555556000000   0.000000000000  -5.000000000000  10.000000000000  -0.341558833452   0.027691058366   0.005427722645   0.033118781011   0.004455156761   0.032146215127   0.073712730775 -10.313146288251   0.289981427116  -0.004040072343   0.076572745252  -0.342510072177   0.000016265678   0.821245285510   0.040587979103  -0.000016265678   0.821245285510  -0.040587979103   0.000000000000
 -5.555556000000   0.000000000000  -1.666667000000  10.000000000000   0.453399453942   0.028054579563   0.008701528592   0.036756108155   0.007835323681   0.035889903244   0.076284983378  12.335349869718   0.460411272191   0.042372886845   0.079485048294   0.452358420468  -0.011078437462   0.146054078787   0.042729349532   0.011078437462   0.146054078787  -0.042729349532   0.000000000000
 -5.555556000000   0.000000000000   1.666667000000  10.000000000000   1.269167026094   0.030572021695   0.036564899269   0.067136920964   0.037033024836   0.067605046531   0.065020937299  18.904158961478   1.975102432961   0.023587851777   0.071215104923   1.270390511082  -0.054342635385  -0.598977505599   0.037655402224   0.054342635385  -0.598977505599  -0.037655402224   0.000000000000
 -5.555556000000   0.000000000000   5.000000000000  10.000000000000   2.043858529891   0.034739625571   0.098039737805   0.132779363375   0.100327762949   0.135067388520   0.062203929903  15.392892976233   2.589909357935  -0.052480330483   0.074766232100   2.047074303461  -0.067672090214  -1.252163498414   0.037183474375   0.067672090214  -1.252163498414  -0.037183474375   0.000000000000
 -5.555556000000   0.000000000000   8.333333000000  10.000000000000   2.850923817851   0.040959118365   0.187939470618   0.228898588982   0.184451930242   0.225411048606   0.051157153853  12.454964578533   2.923085995185  -0.192671987513   0.073076731686   2.853123819629  -0.080386131728  -1.977786164857   0.034076766379   0.080386131728  -1.977786164857  -0.034076766379   0.000000000000
 -5.555556000000   0.000000000000  11.666667000000  10.000000000000   3.633831756537   0.048725608053   0.303580026757   0.352305634810   0.292687462307   0.341413070360   0.035328638640  10.314429851510   3.085485612647  -0.394767638708   0.069269710763   3.628975175782  -0.102533735577  -2.670706342423   0.029039687032   0.102533735577  -2.670706342423  -0.029039687032   0.000000000000
 -5.555556000000   0.000000000000  15.000000000000  10.000000000000   4.421651755700   0.058167124033   0.445783704649   0.503950828682   0.424920077261   0.483087201294   0.013816318167   8.773974570628   3.193701994855  -0.661207059191   0.062539342496   4.400460843205  -0.116169291190  -3.377740921012   0.022475629216   0.116169291190  -3.377740921012  -0.022475629216   0.000000000000
 -3.333333000000   0.000000000000 -15.000000000000  10.000000000000  -2.773677272572   0.039302497277   0.156599385068   0.195901882345   0.149258699861   0.188561197138   0.029594974946 -14.158502406272   3.232858751500  -0.530636117006   0.040935585237  -2.729338493412   0.032535590689   2.943485542563   0.017438952488  -0.032535590689   2.943485542563  -0.017438952488   0.000000000000
 -3.333333000000   0.000000000000 -11.666667000000  10.000000000000  -1.965867822369   0.033311286342   0.078300217492   0.111611503834   0.075140565182   0.108451851524   0.036273071274 -17.613487452785   2.850448190001  -0.290477797004   0.042701334137  -1.947359341269   0.023154069901   2.236919853215   0.020010644642  -0.023154069901   2.236919853215  -0.020010644642   0.000000000000
 -3.333333000000   0.000000000000  -8.333333000000  10.000000000000  -1.153568325567   0.029407155507   0.027017012123   0.056424167630   0.025925990593   0.055333146100   0.041603954442 -20.444578520567   1.941489149030  -0.113848340853   0.044814340395  -1.149201761071   0.012153956509   1.526768438337   0.022663363704  -0.012153956509   1.526768438337  -0.022663363704   0.000000000000
 -3.333333000000   0.000000000000  -5.000000000000  10.000000000000  -0.343796131109   0.027650966559   0.003639077133   0.031290043693   0.003329146146   0.030980112706   0.044586857219 -10.987396965166   0.310963405429  -0.001428197577   0.046330777384  -0.344984425381  -0.000326978865   0.827117369393   0.024601065326   0.000326978865   0.827117369393  -0.024601065326   0.000000000000
 -3.333333000000   0.000000000000  -1.666667000000  10.000000000000   0.445032587232   0.028022044890   0.006375534100   0.034397578990   0.006404759627   0.034426804517   0.039412492731  12.937904361183   0.473990058326   0.044977843740   0.041345854190   0.443912216137  -0.032041420126   0.163827620542   0.022304344937   0.032041420126   0.163827620542  -0.022304344937   0.000000000000
 -3.333333000000   0.000000000000   1.666667000000  10.000000000000   1.206039937484   0.030308608431   0.038743244081   0.069051852512   0.022005344852   0.052313953283   0.034298721245  17.465714439386   1.734049648860   0.031835075979   0.038255700998   1.207476675012  -0.041305242717  -0.445517235975   0.021167274183   0.041305242717  -0.445517235975  -0.021167274183   0.000000000000
 -3.333333000000   0.000000000000   5.000000000000  10.000000000000   2.056501907461   0.034765977001   0.095571772136   0.130337749137   0.103062606399   0.137828583400   0.035282186292  15.778252433254   2.671169823435  -0.051657518237   0.042800959796   2.059837963423  -0.044415680912  -1.255579269475   0.021606430452   0.044415680912  -1.255579269475  -0.021606430452   0.000000000000
 -3.333333000000   0.000000000000   8.333333000000  10.000000000000   2.860415547513   0.040993366678   0.186800006621   0.227793373299   0.181575886883   0.222569253561   0.031190415898  12.557062157200   2.956859284122  -0.191352812650   0.044382652056   2.862910066472  -0.057699973683  -1.977108091070   0.020823858039   0.057699973683  -1.977108091070  -0.020823858039   0.000000000000
 -3.333333000000   0.000000000000  11.666667000000  10.000000000000   3.660602141395   0.048963620602   0.305224035859   0.354187656461   0.291654961185   0.340618581787   0.021103379494  10.335205291927   3.114476943815  -0.395156291639   0.041661854553   3.656230036698  -0.063364031216  -2.691526392473   0.017426646017   0.063364031216  -2.691526392473  -0.017426646017   0.000000000000
 -3.333333000000   0.000000000000  15.000000000000  10.000000000000   4.449530800857   0.058459644862   0.448584140017   0.507043784878   0.425488606761   0.483948251623   0.008717184386   8.775437020546   3.214374353384  -0.663174822049   0.038184407470   4.428796094120  -0.070595415983  -3.399215228338   0.013645145342   0.070595415983  -3.399215228338  -0.013645145342   0.000000000000
 -1.111111000000   0.000000000000 -15.000000000000  10.000000000000  -2.783347607248   0.039367471194   0.156477830063   0.195845301257   0.148814143056   0.188181614251   0.009842051825 -14.211970312196   3.256381079714  -0.531431252781   0.013637902061  -2.739136904570   0.010920418436   2.955045178356   0.005768648145  -0.010920418436   2.955045178356  -0.005768648145   0.000000000000
 -1.111111000000   0.000000000000 -11.666667000000  10.000000000000  -1.971003713702   0.033323877714   0.077625769466   0.110949647180   0.074513177506   0.107837055220   0.012092472823 -17.764848864340   2.882454381544  -0.290164176494   0.014241660284  -1.952668332648   0.007927815758   2.245247824794   0.006639508086  -0.007927815758   2.245247824794  -0.006639508086   0.000000000000
 -1.111111000000   0.000000000000  -8.333333000000  10.000000000000  -1.157272633820   0.029401825529   0.026193053461   0.055594878990   0.025490610588   0.054892436117   0.013919278685 -20.816173267048   1.983124868902  -0.112995186260   0.014994720085  -1.153070566848   0.004078701041   1.533683358879   0.007584668721  -0.004078701041   1.533683358879  -0.007584668721   0.000000000000
 -1.111111000000   0.000000000000  -5.000000000000  10.000000000000  -0.343552618288   0.027627798674   0.002705493245   0.030333291919   0.002684635227   0.030312433901   0.014992419081 -11.325925956419   0.320317350813  -0.000020017540   0.015577802932  -0.344863182170  -0.000234347532   0.826498550151   0.008287380006   0.000234347532   0.826498550151  -0.008287380006   0.000000000000
 -1.111111000000   0.000000000000  -1.666667000000  10.000000000000   0.448426528724   0.027996786480   0.006492937643   0.034489724124   0.005889860719   0.033886647199   0.019745463099  13.001742986312   0.479961450693   0.047128284167   0.020410551986   0.447245022606   0.011092024701   0.162739952047   0.011155956512  -0.011092024701   0.162739952047  -0.011155956512   0.000000000000
 -1.111111000000   0.000000000000   1.666667000000  10.000000000000   1.237565095741   0.030428726714   0.030206067032   0.060634793746   0.036407207535   0.066835934249   0.020929212694  20.410147693931   2.079350411127   0.024197832377   0.022101066669   1.238792954498   0.002741136178  -0.522961977270   0.014911977078  -0.002741136178  -0.522961977270  -0.014911977078   0.000000000000
 -1.111111000000   0.000000000000   5.000000000000  10.000000000000   2.063479736935   0.034776474973   0.093365917698   0.128142392670   0.088552840794   0.123329315767   0.012733745005  16.103021755196   2.735401440817  -0.052459324431   0.015216202087   2.066772298120  -0.013822690892  -1.262007108599   0.008572880254   0.013822690892  -1.262007108599  -0.008572880254   0.000000000000
 -1.111111000000   0.000000000000   8.333333000000  10.000000000000   2.871655839417   0.041057296913   0.186962769089   0.228020066002   0.181182384849   0.222239681762   0.009991061016  12.593873380368   2.977180702541  -0.190815971841   0.014410794710   2.874348939454  -0.023109285259  -1.984678808427   0.006820304370   0.023109285259  -1.984678808427  -0.006820304370   0.000000000000
 -1.111111000000   0.000000000000  11.666667000000  10.000000000000   3.677937479277   0.049126427358   0.306531378118   0.355657805476   0.291398860945   0.340525288303   0.006984863569  10.341225252613   3.131048707226  -0.395631613424   0.013880228022   3.673832920822  -0.020968394528  -2.710361809545   0.005875219516   0.020968394528  -2.710361809545  -0.005875219516   0.000000000000
 -1.111111000000   0.000000000000  15.000000000000  10.000000000000   4.465692752964   0.058637684809   0.450125659783   0.508763344592   0.425988906563   0.484626591372   0.002776219625   8.777544216636   3.226824521671  -0.664523083157   0.012641295435   4.445166912690  -0.023313080049  -3.409815241570   0.004598315562   0.023313080049  -3.409815241570  -0.004598315562   0.000000000000
  1.111111000000   0.000000000000 -15.000000000000  10.000000000000  -2.782953030331   0.039365729605   0.156417812080   0.195783541685   0.148744760864   0.188110490469  -0.010068560898 -14.214438079864   3.256484802062  -0.531393015358  -0.013863170944  -2.738738654173  -0.011495163532   2.954268171162  -0.005788285520   0.011495163532   2.954268171162   0.005788285520   0.000000000000
  1.111111000000   0.000000000000 -11.666667000000  10.000000000000  -1.971244134001   0.033326451230   0.077636624743   0.110963075973   0.074519110396   0.107845561626  -0.012177689922 -17.764865625095   2.882808699197  -0.290201263149  -0.014327121763  -1.952906166882  -0.007890583093   2.245323493220  -0.006674374199   0.007890583093   2.245323493220   0.006674374199   0.000000000000
  1.111111000000   0.000000000000  -8.333333000000  10.000000000000  -1.157286160400   0.029401763061   0.026196694112   0.055598457172   0.025492563847   0.054894326908  -0.014035605158 -20.815076879029   1.983043595887  -0.112995838864  -0.015111094071  -1.153084142177  -0.004183110935   1.533518556478  -0.007652911899   0.004183110935   1.533518556478   0.007652911899   0.000000000000
  1.111111000000   0.000000000000  -5.000000000000  10.000000000000  -0.343646535805   0.027628011329   0.002707681930   0.030335693259   0.002687125218   0.030315136547  -0.015040350018 -11.328125349666   0.320467136230  -0.000026737146  -0.015625771422  -0.344956870547  -0.000072381420   0.826774556043  -0.008298745137   0.000072381420   0.826774556043   0.008298745137   0.000000000000
  1.111111000000   0.000000000000  -1.666667000000  10.000000000000   0.442566371742   0.027991258923   0.006090450337   0.034081709260   0.005780040696   0.033771299619  -0.019711578536  12.985451180558   0.473095631770   0.046550734337  -0.020368761843   0.441399190422  -0.010752777848   0.175322985604  -0.011006297075   0.010752777848   0.175322985604   0.011006297075   0.000000000000
  1.111111000000   0.000000000000   1.666667000000  10.000000000000   1.239014913824   0.030433436397   0.030357932913   0.060791369310   0.036539529139   0.066972965537  -0.020954066769  20.381427954018   2.078857042922   0.024311662965  -0.022128952279   1.240246698318   0.000214962013  -0.525940361009  -0.015046515040  -0.000214962013  -0.525940361009   0.015046515040   0.000000000000
  1.111111000000   0.000000000000   5.000000000000  10.000000000000   2.064917090547   0.034786609060   0.093515563498   0.128302172558   0.088716747815   0.123503356875  -0.013091015346  16.094170888732   2.735802299878  -0.052432357689  -0.015576503596   2.068217501474   0.012745143304  -1.264306904606  -0.008778625846  -0.012745143304  -1.264306904606   0.008778625846   0.000000000000
  1.111111000000   0.000000000000   8.333333000000  10.000000000000   2.873380992625   0.041073252601   0.187172117669   0.228245370270   0.181369268949   0.222442521551  -0.009996132510  12.589000115192   2.977816522297  -0.190843215290  -0.014420234200   2.876088511245   0.022313360177  -1.987624951210  -0.006897162170  -0.022313360177  -1.987624951210   0.006897162170   0.000000000000
  1.111111000000   0.000000000000  11.666667000000  10.000000000000   3.678022462974   0.049127364318   0.306557069543   0.355684433861   0.291421909860   0.340549274178  -0.006958347831  10.340689984784   3.130958985677  -0.395622221713  -0.013854233630   3.673921636499   0.020516075189  -2.710092654855  -0.006012598126  -0.020516075189  -2.710092654855   0.006012598126   0.000000000000
  1.111111000000   0.000000000000  15.000000000000  10.000000000000   4.465563727699   0.058635331288   0.450133586754   0.508768918042   0.425974557538   0.484609888826  -0.002581771788   8.777194457713   3.226602714867  -0.664480664312  -0.012446992237   4.445044702002   0.022775101408  -3.409024160841  -0.004690056154  -0.022775101408  -3.409024160841   0.004690056154   0.000000000000
  3.333333000000   0.000000000000 -15.000000000000  10.000000000000  -2.774262749128   0.039309190029   0.156666383668   0.195975573696   0.149293712314   0.188602902342  -0.029714796229 -14.156165979264   3.233007556641  -0.530723319128  -0.041059488572  -2.729921257606  -0.032672267115   2.943587938126  -0.017455989344   0.032672267115   2.943587938126   0.017455989344   0.000000000000
  3.333333000000   0.000000000000 -11.666667000000  10.000000000000  -1.967164145678   0.033320729163   0.078398868309   0.111719597473   0.075229820882   0.108550550045  -0.036292282628 -17.608048992105   2.851447114915  -0.290635348935  -0.042726798074  -1.948650478910  -0.022856816202   2.238465867854  -0.020041149278   0.022856816202   2.238465867854   0.020041149278   0.000000000000
  3.333333000000   0.000000000000  -8.333333000000  10.000000000000  -1.153877502794   0.029408465324   0.027039558159   0.056448023484   0.025943931724   0.055352397049  -0.041717240087 -20.441415510762   1.941709052273  -0.113876103867  -0.044928821473  -1.149510170855  -0.012261985708   1.527347139533  -0.022728909197   0.012261985708   1.527347139533   0.022728909197   0.000000000000
  3.333333000000   0.000000000000  -5.000000000000  10.000000000000  -0.344033841818   0.027651389697   0.003641637386   0.031293027083   0.003332403074   0.030983792770  -0.044573119939 -10.993945740998   0.311363885100  -0.001445152710  -0.046317236813  -0.345221560724   0.000320291901   0.827723471387  -0.024592788110  -0.000320291901   0.827723471387   0.024592788110   0.000000000000
  3.333333000000   0.000000000000  -1.666667000000  10.000000000000   0.450698869116   0.028028823450   0.006477392010   0.034506215460   0.006516784531   0.034545607982  -0.039374957103  13.061382220639   0.484606338283   0.045253234360  -0.041314698714   0.449572883107   0.032850801479   0.152096737194  -0.022296458142  -0.032850801479   0.152096737194   0.022296458142   0.000000000000
  3.333333000000   0.000000000000   1.666667000000  10.000000000000   1.211150408602   0.030330232134   0.038708788137   0.069039020271   0.022377728963   0.052707961098  -0.034153716781  17.542983719102   1.749101545421   0.031682061915  -0.038110195730   1.212584856775   0.041671543204  -0.456302921896  -0.020960242978  -0.041671543204  -0.456302921896   0.020960242978   0.000000000000
  3.333333000000   0.000000000000   5.000000000000  10.000000000000   2.057466485219   0.034772508329   0.095651082044   0.130423590373   0.103171320827   0.137943829156  -0.035497374040  15.775263350300   2.671916431504  -0.051668681263  -0.043020774704   2.060805249073   0.044424120716  -1.255829644994  -0.021729065059  -0.044424120716  -1.255829644994   0.021729065059   0.000000000000
  3.333333000000   0.000000000000   8.333333000000  10.000000000000   2.863243022229   0.041019100438   0.187142402756   0.228161503194   0.181901607261   0.222920707699  -0.031233494984  12.549194242427   2.957927572688  -0.191401455375  -0.044447063107   2.865760588143   0.057183677078  -1.981912586686  -0.020932881875  -0.057183677078  -1.981912586686   0.020932881875   0.000000000000
  3.333333000000   0.000000000000  11.666667000000  10.000000000000   3.661808036614   0.048977176184   0.305432162792   0.354409338975   0.291836254059   0.340813430243  -0.021009080500  10.332143185617   3.114579872836  -0.395178039739  -0.041580604788   3.657456879888   0.062835832879  -2.692745734151  -0.017489953884  -0.062835832879  -2.692745734151   0.017489953884   0.000000000000
  3.333333000000   0.000000000000  15.000000000000  10.000000000000   4.451374551078   0.058484788594   0.448931817303   0.507416605897   0.425784547089   0.484269335683  -0.008475817839   8.772622928265   3.214675085096  -0.663278955520  -0.037965126888   4.430676982327   0.070288989897  -3.401468253159  -0.013667788331  -0.070288989897  -3.401468253159   0.013667788331   0.000000000000
  5.555556000000   0.000000000000 -15.000000000000  10.000000000000  -2.762206975086   0.039248440867   0.157845272861   0.197093713728   0.150880726985   0.190129167852  -0.049039403522 -14.014688357347   3.186787798027  -0.530013886399  -0.067889870951  -2.717630293831  -0.053407370252   2.930816844140  -0.028907302540   0.053407370252   2.930816844140   0.028907302540   0.000000000000
  5.555556000000   0.000000000000 -11.666667000000  10.000000000000  -1.957513660856   0.033300002489   0.079847953217   0.113147955706   0.076477447035   0.109777449524  -0.059598265658 -17.300477491113   2.787894752761  -0.291204342189  -0.070272273372  -1.938678927588  -0.038200623124   2.227253074927  -0.032860368797   0.038200623124   2.227253074927   0.032860368797   0.000000000000
  5.555556000000   0.000000000000  -8.333333000000  10.000000000000  -1.148441367296   0.029429569670   0.028715331567   0.058144901237   0.027302852802   0.056732422472  -0.068602325534 -19.751368441045   1.867323234778  -0.115756313046  -0.073909145315  -1.143740616116  -0.019868794375   1.519915026163  -0.037334358688   0.019868794375   1.519915026163   0.037334358688   0.000000000000
  5.555556000000   0.000000000000  -5.000000000000  10.000000000000  -0.342034997975   0.027691909698   0.005436129542   0.033128039240   0.004462918896   0.032154828594  -0.073736964536 -10.324637552251   0.290709245746  -0.004074730303  -0.076597761480  -0.342985023393  -0.000079608268   0.822253587994  -0.040600425559   0.000079608268   0.822253587994   0.040600425559   0.000000000000
  5.555556000000   0.000000000000  -1.666667000000  10.000000000000   0.448537720418   0.028049735758   0.008603440529   0.036653176286   0.007744656604   0.035794392362  -0.076296888433  12.237349279516   0.451855747280   0.042127927577  -0.079486932504   0.447501756906   0.011679169358   0.156746064356  -0.042757139222  -0.011679169358   0.156746064356   0.042757139222   0.000000000000
  5.555556000000   0.000000000000   1.666667000000  10.000000000000   1.268700804427   0.030566698195   0.036247762439   0.066814460634   0.037067902050   0.067634600246  -0.065365081651  18.988416465350   1.983176861668   0.023247298991  -0.071526415091   1.269914183020   0.052636167524  -0.598269834188  -0.037894324701  -0.052636167524  -0.598269834188   0.037894324701   0.000000000000
  5.555556000000   0.000000000000   5.000000000000  10.000000000000   2.045705313086   0.034752177128   0.098203635882   0.132955813010   0.100512013498   0.135264190626  -0.062200166451  15.386354810430   2.591148476198  -0.052465972763  -0.074779568570   2.048929397206   0.066464281643  -1.255124249656  -0.037201092985  -0.066464281643  -1.255124249656   0.037201092985   0.000000000000
  5.555556000000   0.000000000000   8.333333000000  10.000000000000   2.850611662830   0.040957195199   0.187950655620   0.228907850819   0.184398529871   0.225355725069  -0.051283982942  12.453096967326   2.922327672706  -0.192629774101  -0.073203861679   2.852814516947   0.081415820382  -1.974381807152  -0.034181413389  -0.081415820382  -1.974381807152   0.034181413389   0.000000000000
  5.555556000000   0.000000000000  11.666667000000  10.000000000000   3.636066579437   0.048750435364   0.303939698553   0.352690133917   0.293041142033   0.341791577397  -0.035298355949  10.309521672913   3.085914051796  -0.394841901220  -0.069276794012   3.631241808727   0.101715509749  -2.673723508128  -0.029160407049  -0.101715509749  -2.673723508128   0.029160407049   0.000000000000
  5.555556000000   0.000000000000  15.000000000000  10.000000000000   4.421009084460   0.058158869962   0.445784525320   0.503943395282   0.424857406328   0.483016276290  -0.014145943347   8.772828706262   3.192820770938  -0.661078693972  -0.062866699725   4.399829896335   0.115851651563  -3.375226015846  -0.022774787333  -0.115851651563  -3.375226015846   0.022774787333   0.000000000000
  7.777778000000   0.000000000000 -15.000000000000  10.000000000000  -2.738913156116   0.039111308801   0.158798174508   0.197909483309   0.152335358121   0.191446666923  -0.068480671406 -13.839221397193   3.120350662359  -0.528427449038  -0.094634025186  -2.693939842510  -0.075147215659   2.905771247094  -0.040274807150   0.075147215659   2.905771247094   0.040274807150   0.000000000000
  7.777778000000   0.000000000000 -11.666667000000  10.000000000000  -1.940752121726   0.033259549663   0.081668445452   0.114927995115   0.078832761500   0.112092311164  -0.083421437313 -16.886678652813   2.697912074215  -0.291992284965  -0.098207349093  -1.921401103454  -0.053447857697   2.207482082387  -0.045940158621   0.053447857697   2.207482082387   0.045940158621   0.000000000000
  7.777778000000   0.000000000000  -8.333333000000  10.000000000000  -1.138616045541   0.029455466467   0.031139106544   0.060594573012   0.029246851488   0.058702317956  -0.095494552620 -18.790726445502   1.761304128022  -0.118405452603  -0.102816383761  -1.133422406275  -0.027584686415   1.506619088310  -0.051939330812   0.027584686415   1.506619088310   0.051939330812   0.000000000000
  7.777778000000   0.000000000000  -5.000000000000  10.000000000000  -0.338355703650   0.027749822008   0.008078445539   0.035828267548   0.006139446226   0.033889268234  -0.102455203099  -9.443819833087   0.263047802491  -0.007938698048  -0.106361342656  -0.338953621388   0.000166054710   0.812647612749  -0.056364687998  -0.000166054710   0.812647612749   0.056364687998   0.000000000000
  7.777778000000   0.000000000000  -1.666667000000  10.000000000000   0.455939193060   0.028128711568   0.010821310876   0.038950022444   0.009314525005   0.037443236573  -0.099946395397  11.705749174176   0.439359097452   0.038316083697  -0.104298086134   0.455017275418   0.036899930285   0.120013601687  -0.055509245848  -0.036899930285   0.120013601687   0.055509245848   0.000000000000
  7.777778000000   0.000000000000   1.666667000000  10.000000000000   1.251124075718   0.030559258437   0.038762101534   0.069321359970   0.038209223661   0.068768482097  -0.091833139567  18.048175573192   1.858862095572   0.019843334770  -0.100369661689   1.252230970065   0.069672186020  -0.580000949831  -0.050186649201  -0.069672186020  -0.580000949831   0.050186649201   0.000000000000
  7.777778000000   0.000000000000   5.000000000000  10.000000000000   2.036302092589   0.034756930798   0.096970425846   0.131727356644   0.102120052781   0.136876983579  -0.086124941836  15.458460144255   2.591325216857  -0.059067602592  -0.103159461959   2.038912690163   0.091848520494  -1.259182604161  -0.052287158242  -0.091848520494  -1.259182604161   0.052287158242   0.000000000000
  7.777778000000   0.000000000000   8.333333000000  10.000000000000   2.821545342200   0.040783105979   0.188025728466   0.228808834446   0.186472618291   0.227255724270  -0.072370794222  12.331452800033   2.864275326328  -0.194312157328  -0.102670009908   2.823191595915   0.114336950527  -1.954717789253  -0.048259204674  -0.114336950527  -1.954717789253   0.048259204674   0.000000000000
  7.777778000000   0.000000000000  11.666667000000  10.000000000000   3.613760631814   0.048606248944   0.304039212355   0.352645461300   0.296425603318   0.345031852262  -0.047964776806  10.247574485992   3.048554400487  -0.394940103667  -0.095247490166   3.608445035659   0.139068042825  -2.668422807084  -0.039892172265  -0.139068042825  -2.668422807084   0.039892172265   0.000000000000
  7.777778000000   0.000000000000  15.000000000000  10.000000000000   4.387823292942   0.057840096909   0.443606055009   0.501446151918   0.428291981410   0.486132078319  -0.018591249457   8.750337949863   3.160730293051  -0.658178609215  -0.086281578872   4.366250512217   0.160146633989  -3.360566111644  -0.030715199679  -0.160146633989  -3.360566111644   0.030715199679   0.000000000000
 10.000000000000   0.000000000000 -15.000000000000  10.000000000000  -2.708504630770   0.038937211636   0.160072163972   0.199009375608   0.154244972813   0.193182184449  -0.087597446961 -13.609934820854   3.034583631601  -0.526397496470  -0.120824260325  -2.663002544689  -0.095183012244   2.874698378669  -0.051515947341   0.095183012244   2.874698378669   0.051515947341   0.000000000000
 10.000000000000   0.000000000000 -11.666667000000  10.000000000000  -1.918319539101   0.033201326518   0.084035166587   0.117236493105   0.081865134728   0.115066461246  -0.106339806183 -16.362819189655   2.584000330770  -0.292931984178  -0.125082168966  -1.898301268883  -0.067451857738   2.181706596044  -0.058533882801   0.067451857738   2.181706596044   0.058533882801   0.000000000000
 10.000000000000   0.000000000000  -8.333333000000  10.000000000000  -1.125388835707   0.029488684486   0.034328009050   0.063816693536   0.031938504040   0.061427188526  -0.122072291552 -17.634709248523   1.633745443219  -0.121894897230  -0.131299391686  -1.119542920144  -0.034948405232   1.487895926257  -0.066340371851   0.034948405232   1.487895926257   0.066340371851   0.000000000000
 10.000000000000   0.000000000000  -5.000000000000  10.000000000000  -0.334537430260   0.027828093399   0.011563571202   0.039391664601   0.008351368286   0.036179461684  -0.130837342219  -8.492594401597   0.233882960648  -0.013144472268  -0.135689919775  -0.334665316585   0.000620695091   0.802045171055  -0.071922433713  -0.000620695091   0.802045171055   0.071922433713   0.000000000000
 10.000000000000   0.000000000000  -1.666667000000  10.000000000000   0.435312791498   0.028174141433   0.014147939978   0.042322081410   0.011555842712   0.039729984144  -0.131260580050  10.285713201966   0.368594900718   0.031538916305  -0.136615589210   0.434579339632   0.042492233943   0.160728245193  -0.073846560636  -0.042492233943   0.160728245193   0.073846560636   0.000000000000
 10.000000000000   0.000000000000   1.666667000000  10.000000000000   1.205790630057   0.030473080372   0.042322898864   0.072795979236   0.042455700889   0.072928781260  -0.126384858386  16.563972937987   1.644182040876   0.014652412035  -0.137105677537   1.206727297514   0.084700509633  -0.486811893358  -0.074467486435  -0.084700509633  -0.486811893358   0.074467486435   0.000000000000
 10.000000000000   0.000000000000   5.000000000000  10.000000000000   2.008724957348   0.034667921566   0.098723818067   0.133391739633   0.102642460514   0.137310382080  -0.109253989814  15.058840696393   2.490149937123  -0.063106143549  -0.130757408719   2.010876888195   0.118160601172  -1.240788858468  -0.066979951867  -0.118160601172  -1.240788858468   0.066979951867   0.000000000000
 10.000000000000   0.000000000000   8.333333000000  10.000000000000   2.795141433070   0.040670157096   0.189326097153   0.229996254249   0.189408242034   0.230078399130  -0.092298882838  12.152986761441   2.796406454538  -0.196852733602  -0.130835085834   2.796133790289   0.149039872721  -1.946154589469  -0.061339787029  -0.149039872721  -1.946154589469   0.061339787029   0.000000000000
 10.000000000000   0.000000000000  11.666667000000  10.000000000000   3.569070697529   0.048236998782   0.302264829121   0.350501827903   0.298329701355   0.346566700138  -0.063150505181  10.182744891467   2.991806472358  -0.394422475617  -0.123055110794   3.562919240183   0.175485087603  -2.636389654340  -0.051589422134  -0.175485087603  -2.636389654340   0.051589422134   0.000000000000
 10.000000000000   0.000000000000  15.000000000000  10.000000000000   4.339678148818   0.057355309147   0.439621215164   0.496976524311   0.430683528665   0.488038837812  -0.025208173736   8.732159239986   3.119555032138  -0.654670016984  -0.111124272724   4.317347115758   0.200864425695  -3.327944376381  -0.039949945536  -0.200864425695  -3.327944376381   0.039949945536   0.000000000000
